   1.1499999761581421        2.7000000476837158        5.0000000745058060E-002   1.1536425378824777        1.8800387724110776        5.9618241119952398E-002   1.4380065564957267        1.7908325109033587        1.0470151367185145        1.9354214242380350        2.8661640264312900        1.1355384324296818     
   1.1499999761581421        2.7000000476837158       0.15000000596046448       0.86417804489829142        1.2864792083450911       0.57798785555869547       0.64453501590376794       0.82000116369614673       0.48673841878255819       0.27269668966202776       0.59873852062334776       -9.6474229062594674E-002
   1.1499999761581421        2.7000000476837158       0.25000000000000000       0.89845283744504589        1.0476005249240481       0.79668905698272785       0.74376308577239325       0.81450693288298182       0.68189876720525278       0.49617969127494527       0.64044095333047790       0.33176544867816538     
   1.1499999761581421        2.7000000476837158       0.34999999403953552       0.89645085004537584        1.0008879206265926       0.82460586548951265       0.74682915964473739       0.80196823325762701       0.70010800047757848       0.51709868677220028       0.63749452368385306       0.38175918006902176     
   1.1499999761581421        2.7000000476837158       0.44999998807907104       0.89769796668258006       0.97031996971181467       0.84874056855353863       0.75543966932371809       0.79918845596703114       0.71965166291092442       0.54248426665809013       0.64772364488401801       0.42482084723549218     
   1.1499999761581421        2.7000000476837158       0.55000001192092896       0.90093523767486949       0.94574465021152410       0.87344133531255008       0.76547190803826726       0.79872503005032547       0.73898045711077620       0.56552346502888329       0.65904100464943705       0.46058934457348383     
   1.1499999761581421        2.7000000476837158       0.64999997615814209       0.90057795599620394       0.93492665507170636       0.88071962516638613       0.76692601433219698       0.79610642065381154       0.74359355605520827       0.57186331593293294       0.66090910206088616       0.47226190615055791     
   1.1499999761581421        2.7000000476837158       0.75000000000000000       0.89570441951447899       0.92956521303521444       0.87585809642630408       0.76052708762325660       0.78820358756499598       0.73805958962677909       0.56585948646306938       0.65589565664237504       0.46614843730166211     
   1.1499999761581421        2.7000000476837158       0.85000002384185791       0.88566063463706080       0.92036656013078488       0.86432667310516642       0.74534520631211709       0.77191935699670899       0.72414562955750439       0.54752322696806854       0.64209002639670576       0.44467705908528621     
   1.1499999761581421        2.7000000476837158       0.94999998807907104       0.93715592452339203       0.99318797228167810       0.88180423615429548       0.84714125250709105       0.89158573185746559       0.80162715209902657       0.67525762541469103       0.77274815221438542       0.56038358716298742     
   1.1499999761581421        3.4500000476837158        5.0000000745058060E-002   1.1877610805101586        2.0419435641812305       -9.7141366271933594E-002   1.5347552948863283        1.9523853293615010        1.0718528379569723        2.1429705801813284        3.2345252273168663        1.2024066262993207     
   1.1499999761581421        3.4500000476837158       0.15000000596046448       0.87930200547345083        1.2287277369144032       0.64167773903071756       0.68411072392123873       0.83266625855732346       0.54985261801498819       0.35185472600220524       0.62698122346864738        4.0061782471042362E-002
   1.1499999761581421        3.4500000476837158       0.25000000000000000       0.90376701045545904        1.0345395963796316       0.81437846758076438       0.75706667046270604       0.82083809204496838       0.70099690104391910       0.52078920028094200       0.65358257362148231       0.36882798109570603     
   1.1499999761581421        3.4500000476837158       0.34999999403953552       0.90016623262839068       0.99298648347838792       0.83621280332041292       0.75562163605315846       0.80597941542281282       0.71289599705063178       0.53231290693640765       0.64640121319323629       0.40341329877906373     
   1.1499999761581421        3.4500000476837158       0.44999998807907104       0.89951446373391808       0.96596436818545883       0.85462839456368522       0.75943803780269159       0.80050479620446069       0.72587114541119091       0.54892973282280855       0.65135777017593322       0.43404323855756533     
   1.1499999761581421        3.4500000476837158       0.55000001192092896       0.90126699102861840       0.94404494730208655       0.87510835340265658       0.76609060805447282       0.79824360576403364       0.74061118559419692       0.56637712877759661       0.65915730589706900       0.46222088219802149     
   1.1499999761581421        3.4500000476837158       0.64999997615814209       0.90052021989118791       0.93429420649993855       0.88116445052337844       0.76665261402363416       0.79539164504819670       0.74385282573229805       0.57130106715522522       0.66016123468337395       0.47192611950535573     
   1.1499999761581421        3.4500000476837158       0.75000000000000000       0.89577966632517025       0.92950605369873784       0.87606352190281844       0.76018844356697224       0.78777164050724102       0.73786134697915240       0.56490403258484723       0.65470959676031593       0.46543812591125255     
   1.1499999761581421        3.4500000476837158       0.85000002384185791       0.88591121496389780       0.92058568944375452       0.86462631523051636       0.74456344301787269       0.77109430226643472       0.72337956825526084       0.54531674249445616       0.63934625737589978       0.44301273155158016     
   1.1499999761581421        3.4500000476837158       0.94999998807907104       0.94833064718627891        1.0122853507595397       0.88184697551754865       0.86693279285527380       0.91786558370354698       0.81401653774167149       0.69812358957796306       0.79477491658976207       0.58238693777256900     
   1.1499999761581421        3.9500000476837158        5.0000000745058060E-002   1.2153129323317908        2.1720241118549444      -0.22277972311159000        1.6129792518873374        2.0826028519190096        1.0924363108041386        2.3106284790126299        3.5316277217467293        1.2570200882958560     
   1.1499999761581421        3.9500000476837158       0.15000000596046448       0.88614115255028225        1.2017730093969115       0.67106608086804154       0.70198701588417600       0.83803124023509312       0.57868129331635310       0.38778532894841494       0.63940694384297014       0.10243495852868689     
   1.1499999761581421        3.9500000476837158       0.25000000000000000       0.90636945990768225        1.0277863897031470       0.82330081109375541       0.76359027782378375       0.82380898311659467       0.71047613432740975       0.53294563450542076       0.65998691254367081       0.38723494838773959     
   1.1499999761581421        3.9500000476837158       0.34999999403953552       0.90200568082475208       0.98886043408287205       0.84211942548894303       0.75994877211623113       0.80784826505097684       0.71928466168439886       0.53984134112377291       0.65073437530591915       0.41422013377666178     
   1.1499999761581421        3.9500000476837158       0.44999998807907104       0.90042538962416707       0.96366715719681439       0.85766548195247627       0.76138953173389445       0.80105521330409957       0.72899001630178906       0.55207665040825038       0.65303950212362272       0.43864977941405586     
   1.1499999761581421        3.9500000476837158       0.55000001192092896       0.90143265556873398       0.94314404551074349       0.87596681092694695       0.76634537033902972       0.79792271722456709       0.74139258378446737       0.56670172881077607       0.65907000136903193       0.46298410747249108     
   1.1499999761581421        3.9500000476837158       0.64999997615814209       0.90047714498984932       0.93396004434076019       0.88136740505000455       0.76642746675712359       0.79493719421641873       0.74389934191984575       0.57085694307521218       0.65960176657026925       0.47162307139127757     
   1.1499999761581421        3.9500000476837158       0.75000000000000000       0.89580017676972190       0.92945885611927193       0.87614960323589808       0.75989689607366184       0.78742600749333103       0.73764683547878984       0.56419836079543251       0.65386291993648660       0.46488648276889588     
   1.1499999761581421        3.9500000476837158       0.85000002384185791       0.88602349811512837       0.92068408916710320       0.86476031066045334       0.74403621669268749       0.77054168193297212       0.72286424602860255       0.54396544339354125       0.63769128891759275       0.44197288517005984     
   1.1499999761581421        3.9500000476837158       0.94999998807907104       0.95490459438818376        1.0237483016862094       0.88175524218900025       0.87847517377978046       0.93340084128157175       0.82109356502679698       0.71141421516073755       0.80757765321790842       0.59517697326072150     
   1.5499999523162842        2.7000000476837158        5.0000000745058060E-002   1.1604156773789636        1.9339967511899463       -2.1894693409629795E-003   1.4483236444134884        1.8245884732825171        1.0268842419765924        1.9444030995658967        2.8953210684700874        1.1124689284904958     
   1.5499999523162842        2.7000000476837158       0.15000000596046448       0.90500849256164162        1.1053022738959388       0.76738412809619849       0.75941458310827314       0.85257978887518726       0.67511584949689407       0.51583001077595869       0.68679568233200250       0.32153772574420431     
   1.5499999523162842        2.7000000476837158       0.25000000000000000       0.91442839868467651       0.98175551306672848       0.86817501835438304       0.78928646657060741       0.82995873237298801       0.75384887710043069       0.59235726861545768       0.68907451538280295       0.48073941151908162     
   1.5499999523162842        2.7000000476837158       0.34999999403953552       0.90985347702944785       0.95278612715747657       0.87962545418630878       0.78395290965686615       0.81570533882174978       0.75750135901758198       0.59234601960007249       0.68212844259207728       0.48955157822859330     
   1.5499999523162842        2.7000000476837158       0.44999998807907104       0.90727251880756854       0.94071447024485333       0.88534064026346870       0.78096861327753908       0.80869977691999229       0.75878149326099731       0.59131196778456463       0.67929172340616062       0.49138298537578151     
   1.5499999523162842        2.7000000476837158       0.55000001192092896       0.90521519116415994       0.93621807657070100       0.88724585672854128       0.77683664068924052       0.80364384640010511       0.75567315982831262       0.58612154548434370       0.67311739533443982       0.48800820911366399     
   1.5499999523162842        2.7000000476837158       0.64999997615814209       0.90115979927994971       0.93367572680329591       0.88224409210201704       0.76945085335308394       0.79702640998690166       0.74730083888882071       0.57680756627983198       0.66451340509826451       0.47874981489531460     
   1.5499999523162842        2.7000000476837158       0.75000000000000000       0.89446560002255382       0.92824631953201076       0.87459475469053205       0.75968160869041779       0.78682777348869848       0.73764565909196811       0.56600357540043267       0.65668655385403962       0.46582761819524221     
   1.5499999523162842        2.7000000476837158       0.85000002384185791       0.88341150496341458       0.91841416997165826       0.86159809938969611       0.74360324439000480       0.77027141683267741       0.72252018033433407       0.54740567597771173       0.64348461763554099       0.44334329691344532     
   1.5499999523162842        2.7000000476837158       0.94999998807907104       0.90035951776794065       0.93720217835549047       0.87544039581014288       0.77912576187327687       0.80734159221321056       0.75378161597966009       0.59113699142867326       0.69164080650670057       0.47937293023456540     
   1.5499999523162842        3.4500000476837158        5.0000000745058060E-002   1.2001635071140628        2.1300021601432664      -0.19525474557308509        1.5591641115767259        2.0146685156051531        1.0488132500091776        2.1797003642822506        3.3181061564090477        1.1806784183462979     
   1.5499999523162842        3.4500000476837158       0.15000000596046448       0.91274426398541608        1.0803422698222853       0.79686888742179651       0.77881095598474803       0.86009801669543617       0.70454463986386939       0.55304935832082824       0.70241772506044897       0.38257077799627554     
   1.5499999523162842        3.4500000476837158       0.25000000000000000       0.91807174214282794       0.97552204262728259       0.87879833205541724       0.79803620186509983       0.83470838006813575       0.76580680250695721       0.60777062511449198       0.69922051877217861       0.50158044862616946     
   1.5499999523162842        3.4500000476837158       0.34999999403953552       0.91227885788674490       0.95002284363503942       0.88578305247786104       0.78933237893732355       0.81846109122408639       0.76511078445180691       0.60102310500648037       0.68821991592881604       0.50078112097904159     
   1.5499999523162842        3.4500000476837158       0.44999998807907104       0.90831212075257606       0.93967113278912584       0.88770312528652962       0.78293945041609803       0.80932589291930102       0.76194335262809110       0.59406223005851422       0.68091425967699415       0.49526009156744633     
   1.5499999523162842        3.4500000476837158       0.55000001192092896       0.90531047467658554       0.93549511614288516       0.88788603293308554       0.77674801768014112       0.80283728029973722       0.75635522481451456       0.58569480486637138       0.67233075287102673       0.48798158340513792     
   1.5499999523162842        3.4500000476837158       0.64999997615814209       0.90107163223196340       0.93316216987162681       0.88255946877858549       0.76889637105815223       0.79611291849482591       0.74722192737656690       0.57564738595834286       0.66316894681808369       0.47781297844951598     
   1.5499999523162842        3.4500000476837158       0.75000000000000000       0.89453326220145157       0.92819318280740382       0.87478423201835986       0.75897748567130507       0.78603404233148055       0.73707840899384014       0.56422109903108164       0.65455668834722114       0.46441863707282238     
   1.5499999523162842        3.4500000476837158       0.85000002384185791       0.88364132592541234       0.91859829441934748       0.86189158322698611       0.74216487126137787       0.76875349569233842       0.72113355040585869       0.54377117693736921       0.63906924105344098       0.44051609905716149     
   1.5499999523162842        3.4500000476837158       0.94999998807907104       0.90526157943524077       0.94366056405099574       0.87755931403271392       0.78585212865553966       0.81521885892568258       0.75870060821798468       0.59683669072853351       0.69608779872548987       0.48562093550535207     
   1.5499999523162842        3.9500000476837158        5.0000000745058060E-002   1.2374105086928711        2.3130012983728179      -0.37521172390622914        1.6627505080684264        2.1922332337758510        1.0694817502789369        2.3994618083553969        3.7136158914422452        1.2440946875977130     
   1.5499999523162842        3.9500000476837158       0.15000000596046448       0.91678702228597209        1.0668726626039451       0.81258265870044277       0.78904180254645939       0.86397125870307012       0.72013441736021044       0.57283528413374352       0.71088098950429190       0.41477113365965929     
   1.5499999523162842        3.9500000476837158       0.25000000000000000       0.92006633004677918       0.97209928807352219       0.88468492696434831       0.80288137078774535       0.83732592112064919       0.77242312979920191       0.61639873715458549       0.70502327465881243       0.51311200087967568     
   1.5499999523162842        3.9500000476837158       0.34999999403953552       0.91361758691612183       0.94860100924529189       0.88915637250386115       0.79236714740835712       0.82002738981544876       0.76940420269328458       0.60600867047113105       0.69180383102777854       0.50715637940831138     
   1.5499999523162842        3.9500000476837158       0.44999998807907104       0.90889253569683903       0.93919126934604591       0.88904961225552315       0.78411161378466088       0.80973730095200624       0.76379542647709986       0.59578769986495961       0.68201976629292393       0.49760768360704327     
   1.5499999523162842        3.9500000476837158       0.55000001192092896       0.90536095171393971       0.93510114275200118       0.88820574329597757       0.77675729267254146       0.80244689234173106       0.75679123492534761       0.58560329821931012       0.67205024774461697       0.48810190471728265     
   1.5499999523162842        3.9500000476837158       0.64999997615814209       0.90101036447082716       0.93286829706593510       0.88271027811203795       0.76863657114490247       0.79565257992885996       0.74722651612892688       0.57513717110065332       0.66258181794865789       0.47740105247736098     
   1.5499999523162842        3.9500000476837158       0.75000000000000000       0.89455512719656904       0.92814845186938932       0.87487259637293613       0.75867874868984275       0.78568645615320654       0.73685593560346352       0.56347304027148615       0.65366405314783316       0.46382734985671814     
   1.5499999523162842        3.9500000476837158       0.85000002384185791       0.88375011946658810       0.91868542174454593       0.86203052674650527       0.74156672548575864       0.76812075555722603       0.72055773179592997       0.54223502867584428       0.63719564553228125       0.43932732702174759     
   1.5499999523162842        3.9500000476837158       0.94999998807907104       0.90795830086957330       0.94739662681532710       0.87845359197894446       0.78989023755225252       0.82006079553705624       0.76160056173990864       0.60070562028616015       0.69941196994244037       0.48963817297754841     
   2.9500000476837158        2.7000000476837158        5.0000000745058060E-002   3.6409450996327526        15.483768401986085       -13.899899062556688        7.0625791845354762        13.072102845813781        7.5476355977175835E-002   12.557846430884382        24.991083653882743       0.89035609469897459     
   2.9500000476837158        2.7000000476837158       0.15000000596046448       0.94819285190018754       0.98602520699742668       0.90283416526376814       0.88374383616928986       0.90896233479350164       0.85742080935638443       0.77969131266689695       0.85502301620042720       0.69572174765950678     
   2.9500000476837158        2.7000000476837158       0.25000000000000000       0.93602437019506046       0.97374608300889964       0.88302838863494337       0.85205204240634558       0.87074070787739621       0.83421696638240939       0.72411355181446235       0.80218244821475015       0.63819037674910728     
   2.9500000476837158        2.7000000476837158       0.34999999403953552       0.92680126717760603       0.96562346244934416       0.87354640162435748       0.83333971034242849       0.85199889832565856       0.81770175675544798       0.69221887134007265       0.77012476756896409       0.60468950577363156     
   2.9500000476837158        2.7000000476837158       0.44999998807907104       0.91799828270581341       0.95155318682659806       0.87916833954057583       0.81326900163113802       0.83254592377334380       0.79836538349208153       0.65414321506640816       0.73298315808581471       0.56459805787555606     
   2.9500000476837158        2.7000000476837158       0.55000001192092896       0.90923101295655728       0.93990435776689651       0.88633001523503341       0.79188761234810490       0.81498453668762594       0.77406620822391048       0.61551987531390151       0.69885444785797768       0.52153183476467790     
   2.9500000476837158        2.7000000476837158       0.64999997615814209       0.90100870601912497       0.93354547049921710       0.88173130549747381       0.77611599251687868       0.80245037023742150       0.75494272334681167       0.59253505173464238       0.68128907346885281       0.49353588976121898     
   2.9500000476837158        2.7000000476837158       0.75000000000000000       0.89230502207731321       0.92608392800621819       0.87225277911832244       0.76619346098348973       0.79310046008614898       0.74455977533430562       0.58468159301652955       0.67974982480857649       0.48011980786585334     
   2.9500000476837158        2.7000000476837158       0.85000002384185791       0.87995354410745963       0.91571960134211006       0.85710508605448765       0.75393232614284977       0.78150049238361607       0.73232786864397525       0.57613287296164062       0.67979184153901584       0.46456270850455950     
   2.9500000476837158        2.7000000476837158       0.94999998807907104       0.87205547719545018       0.91096595683167447       0.84489568656055114       0.74631480278770879       0.77707994935864555       0.72144691912520920       0.56756362234377500       0.67955739351348599       0.44888796318368185     
   2.9500000476837158        3.4500000476837158        5.0000000745058060E-002   5.1840825096102545        23.808244649425454       -22.393804728098793        11.243495420112433        20.692578132496674       0.24120311093390612        21.141558195365548        40.659672780516871        2.7989636875782686     
   2.9500000476837158        3.4500000476837158       0.15000000596046448       0.94907328276079272       0.98779376895212079       0.90141320298907157       0.88291165817654571       0.90804454914680421       0.85661285769720430       0.77472997475668459       0.85031381982481824       0.69127395833049832     
   2.9500000476837158        3.4500000476837158       0.25000000000000000       0.93672383866454056       0.97524570550738177       0.88211176056320784       0.85204988675365112       0.87077859761808118       0.83410055501569691       0.72191990643172232       0.80010120773450122       0.63624200977930934     
   2.9500000476837158        3.4500000476837158       0.34999999403953552       0.92723520068095400       0.96646145223524305       0.87309576085986218       0.83207531639734311       0.85067806053977202       0.81632288251317897       0.68770985050198896       0.76515913962596904       0.60084676968814943     
   2.9500000476837158        3.4500000476837158       0.44999998807907104       0.91818171551827743       0.95182627786862029       0.87897619198494759       0.81105498285935140       0.83017808889278688       0.79622794177267298       0.64827698733665551       0.72624282552741692       0.55975167259760106     
   2.9500000476837158        3.4500000476837158       0.55000001192092896       0.90928991764608413       0.93983138633297403       0.88640502649854158       0.78943389365741257       0.81236400874201409       0.77177654206364132       0.60962207718468553       0.69197801459072328       0.51672193114851273     
   2.9500000476837158        3.4500000476837158       0.64999997615814209       0.90107356817159756       0.93351460335102765       0.88188400975020342       0.77296150946180986       0.79916733263262740       0.75190225755466977       0.58502588929882804       0.67252437509215524       0.48740067640157159     
   2.9500000476837158        3.4500000476837158       0.75000000000000000       0.89244273783519357       0.92619785512040942       0.87241993971965281       0.76096782048271450       0.78770189968055904       0.73946309396036725       0.57228571142946150       0.66522029464762167       0.47004084702283638     
   2.9500000476837158        3.4500000476837158       0.85000002384185791       0.88020557319118198       0.91590405334819591       0.85744524131892796       0.74542550524833329       0.77263341144720010       0.72409324106904194       0.55655346852405163       0.65651905160646629       0.44891195423005820     
   2.9500000476837158        3.4500000476837158       0.94999998807907104       0.87490697822000263       0.91258590887297386       0.84910055550257924       0.74005772053467855       0.76947915973173775       0.71630321051985080       0.54913157279410474       0.65584114436056229       0.43551586119844177     
   2.9500000476837158        3.9500000476837158        5.0000000745058060E-002  -1.7089022295087291        15.764568287184465       -13.522452133612585       -5.7376389962447671        1.2815279599479137       -11.760392817926437       -12.351888653629775      -0.73297208554282278       -24.687210159862889     
   2.9500000476837158        3.9500000476837158       0.15000000596046448       0.95004842246293675       0.98994109727723745       0.89941292099388825       0.88439510348629302       0.90941865161722735       0.85812404370427431       0.77645811302910039       0.85263491268239733       0.69309475590348224     
   2.9500000476837158        3.9500000476837158       0.25000000000000000       0.93742118410666675       0.97677916574278023       0.88114718825592497       0.85321024788165267       0.87190058384622138       0.83520760630841018       0.72327592494437887       0.80163943061804022       0.63765961316679309     
   2.9500000476837158        3.9500000476837158       0.34999999403953552       0.92766018264943750       0.96727278356397628       0.87268418640260448       0.83234462187642189       0.85081188791143880       0.81654957098356595       0.68739065227802087       0.76467278806084182       0.60077435054219130     
   2.9500000476837158        3.9500000476837158       0.44999998807907104       0.91832995877279655       0.95204921567454659       0.87881028439189801       0.81055964178914308       0.82950554599707160       0.79586188246447676       0.64675541408172588       0.72441388302336274       0.55858087706447535     
   2.9500000476837158        3.9500000476837158       0.55000001192092896       0.90928613084361865       0.93969710552726859       0.88643464021605300       0.78862703409113399       0.81138265288456612       0.77117638466531546       0.60774564394178399       0.68979691860815862       0.51518824074832648     
   2.9500000476837158        3.9500000476837158       0.64999997615814209       0.90106106242760253       0.93339582876940408       0.88197313481608797       0.77191241809844213       0.79801553517819090       0.75097928931105873       0.58262628187135590       0.66974344487158366       0.48542372621714730     
   2.9500000476837158        3.9500000476837158       0.75000000000000000       0.89248572858914876       0.92621093469067628       0.87249487140781090       0.75927967878062563       0.78594532059043143       0.73784037947218162       0.56834565252283265       0.66060207198412846       0.46683764435934733     
   2.9500000476837158        3.9500000476837158       0.85000002384185791       0.88031518586227342       0.91598316307895722       0.85759415616894963       0.74259818590673476       0.76968130855289441       0.72136073972718806       0.55010930649999468       0.64884472932904358       0.44377271976919358     
   2.9500000476837158        3.9500000476837158       0.94999998807907104       0.87628651511922095       0.91344900268794060       0.85107798721627370       0.73862094363391328       0.76751594289801106       0.71528399586093117       0.54374315190467426       0.64864083834380692       0.43180172080141077     
