   1.1499999761581421        2.7000000476837158        5.0000000745058060E-002 -0.39954147811551582        7.6892382936603916       -5.8289362482175200       -3.2213792526753733      -0.17754434756983128       -6.0167091867619336       -8.2644446811730816       -2.2649603183557137       -15.248476772406860     
   1.1499999761581421        2.7000000476837158       0.15000000596046448       0.92250258226263648        1.1686903803159938       0.74844196116655337       0.77394928930916207       0.89007251764593465       0.66350549058224384       0.50072370626497531       0.69711881454256330       0.27520323177791806     
   1.1499999761581421        2.7000000476837158       0.25000000000000000       0.93135555963731720        1.0594901575209246       0.83806319378913074       0.80923908082925977       0.87613606189953352       0.74437647628281534       0.58938306536642493       0.71133138265964424       0.44683846244229763     
   1.1499999761581421        2.7000000476837158       0.34999999403953552       0.92101572137777787        1.0040800433174883       0.86115181107047956       0.79111455119050444       0.83670178540042317       0.74862814650275578       0.57554280316307360       0.67710094681365374       0.45791188609237776     
   1.1499999761581421        2.7000000476837158       0.44999998807907104       0.90912097333553132       0.96576415790744730       0.86752181287707830       0.76933057044195396       0.80566307398282544       0.73856467128306469       0.55456032733447380       0.64776943141321408       0.44851164449706937     
   1.1499999761581421        2.7000000476837158       0.55000001192092896       0.90179309735589364       0.94121737370787673       0.87343290540494234       0.75780152414129520       0.78780217220047011       0.73433281669167183       0.54704206799970123       0.63545238938827708       0.44774642967083289     
   1.1499999761581421        2.7000000476837158       0.64999997615814209       0.89945683977575952       0.92966592844756946       0.88169267274724739       0.75497282208688765       0.78050433501171557       0.73611740950624538       0.54744131463070378       0.63274579319254287       0.45224369701785305     
   1.1499999761581421        2.7000000476837158       0.75000000000000000       0.89648713105820232       0.92888366374008369       0.87799327607704403       0.74778395652920315       0.77419628839908339       0.72705392079113684       0.53655234157831488       0.62124034648920734       0.44265873341194123     
   1.1499999761581421        2.7000000476837158       0.85000002384185791       0.88699053410864304       0.92150593417374727       0.86593372216519660       0.72616542128707529       0.75196541315451171       0.70550798702436790       0.50430014520620714       0.59069142056202684       0.41015284311383954     
   1.1499999761581421        2.7000000476837158       0.94999998807907104       0.94923791597879514        1.0138528722340900       0.88185263293874394       0.84044052459428054       0.89003581549283550       0.78894260466074173       0.63369473712624114       0.72165036817079353       0.52847674046318149     
   1.1499999761581421        3.4500000476837158        5.0000000745058060E-002  0.10075524207573301        5.2004213725295418       -3.3248450817260102       -1.7095858834977702       0.21957515176183162       -3.4795056227203691       -4.9434529400851321       -1.1588378885943365       -9.3384217090540282     
   1.1499999761581421        3.4500000476837158       0.15000000596046448       0.92459017108142816        1.1480565065620096       0.76623371285627406       0.78145557799137633       0.88856983975265036       0.67939814276644617       0.51911719626407848       0.70046180795479907       0.31068811371691296     
   1.1499999761581421        3.4500000476837158       0.25000000000000000       0.93169774615964451        1.0471593007081101       0.84756659160921299       0.81169859726953164       0.87314712850686182       0.75192188738133248       0.59709663334268548       0.71194372728528288       0.46246021168895601     
   1.1499999761581421        3.4500000476837158       0.34999999403953552       0.92110419958866918       0.99771827682880010       0.86595985836589273       0.79231104897920812       0.83514454662282123       0.75245636110660052       0.57933929090960745       0.67806977068512686       0.46476566446397893     
   1.1499999761581421        3.4500000476837158       0.44999998807907104       0.90922975503967762       0.96315791977969578       0.86970482701352181       0.77012185640714370       0.80518603376871500       0.74054372168745197       0.55659054899889859       0.64888580151754904       0.45151250515256902     
   1.1499999761581421        3.4500000476837158       0.55000001192092896       0.90190110085782771       0.94038936069284507       0.87447533901303365       0.75836874226633710       0.78779947884264245       0.73542538184692552       0.54824339759699847       0.63644732946469906       0.44916204974555402     
   1.1499999761581421        3.4500000476837158       0.64999997615814209       0.89945995291923697       0.92961220248889320       0.88182349511590019       0.75525900206752217       0.78076670183438313       0.73642973403097922       0.54811024143512987       0.63347365082971074       0.45284749036027611     
   1.1499999761581421        3.4500000476837158       0.75000000000000000       0.89646105131367582       0.92888556430923741       0.87794366602351348       0.74802934539291344       0.77446237324384648       0.72726824260824219       0.53718968868354544       0.62199022825075900       0.44317511372714880     
   1.1499999761581421        3.4500000476837158       0.85000002384185791       0.88710790193859523       0.92161917752893696       0.86606342870996200       0.72668883435490450       0.75250830902183341       0.70600189677136538       0.50529283388597201       0.59177902046030717       0.41102172299338186     
   1.1499999761581421        3.4500000476837158       0.94999998807907104       0.96256263405089693        1.0372558131276544       0.88158767734147980       0.86604223429513383       0.92375787773515483       0.80553081814925376       0.66488127293224142       0.75288420169140269       0.55761867135163323     
   1.1499999761581421        3.9500000476837158        5.0000000745058060E-002  0.28298608996480551        4.2935601867275031       -2.4124334802237390       -1.1576463888778168       0.36489194978481820       -2.5539887649037634       -3.7307492154905666      -0.75244807450054196       -7.1848264323796096     
   1.1499999761581421        3.9500000476837158       0.15000000596046448       0.92575685463104673        1.1367429106381917       0.77602035105720524       0.78573941159323379       0.88791142928657296       0.68826888932689068       0.52961699065542800       0.70274103986749137       0.33048876547069361     
   1.1499999761581421        3.9500000476837158       0.25000000000000000       0.93190944390904185        1.0405998487601047       0.85267155037048481       0.81313737562926913       0.87168175390286984       0.75606128127604044       0.60150946653922788       0.71261880110703790       0.47103371922568715     
   1.1499999761581421        3.9500000476837158       0.34999999403953552       0.92117401468291926       0.99421164688033836       0.86864452698261052       0.79308190843372028       0.83438959531844548       0.75468177610380660       0.58168632494668093       0.67887001037907369       0.46878858502840404     
   1.1499999761581421        3.9500000476837158       0.44999998807907104       0.90929539088722966       0.96166169665028178       0.87096610753004899       0.77064286905749690       0.80497674709628231       0.74174826447685660       0.55791147713718714       0.64968815027555649       0.45338480088251787     
   1.1499999761581421        3.9500000476837158       0.55000001192092896       0.90195139969378302       0.93989154609768877       0.87506675857862026       0.75871785854999196       0.78781889468109245       0.73608009511978512       0.54900300617001863       0.63709439197602746       0.45004065377053792     
   1.1499999761581421        3.9500000476837158       0.64999997615814209       0.89944215862276389       0.92955616961984766       0.88188300018554333       0.75542762864422586       0.78091250622804209       0.73662377560329451       0.54852922772734081       0.63393971778185576       0.45321808014175252     
   1.1499999761581421        3.9500000476837158       0.75000000000000000       0.89641754331196566       0.92885477509790904       0.87789042493801495       0.74817929714738352       0.77461719907482884       0.72740966866400525       0.53761381757418281       0.62250475141468320       0.44350591223167085     
   1.1499999761581421        3.9500000476837158       0.85000002384185791       0.88713458756180197       0.92164532728484683       0.86609266679408281       0.72700418972601044       0.75283544660519952       0.70630444161071326       0.50594971711766445       0.59252871165583998       0.41157242232732549     
   1.1499999761581421        3.9500000476837158       0.94999998807907104       0.96949339848512761        1.0496036484323976       0.88137120414446235       0.87948935687862728       0.94157710617195656       0.81419127267741997       0.68143710834210336       0.76953517983218123       0.57304139703621704     
   1.5499999523162842        2.7000000476837158        5.0000000745058060E-002  0.69946360110987393        2.3375996750202841      -0.40842697685092799        9.2872127820331232E-002  0.73327557022696899      -0.49429374778978113      -0.99159390840863582       0.20786026195609186       -2.3659962058140698     
   1.5499999523162842        2.7000000476837158       0.15000000596046448       0.94354054373104601        1.0758192042041266       0.84496037167800087       0.83541612054626024       0.91044687743576080       0.76192223469100706       0.63229314776554080       0.74919789930288927       0.49536235197191081     
   1.5499999523162842        2.7000000476837158       0.25000000000000000       0.94385235157583425        1.0099711068101327       0.89197570417334859       0.84509737496437065       0.88888676958768154       0.80052302077314796       0.66566307881040054       0.74877249991015249       0.56536054218196785     
   1.5499999523162842        2.7000000476837158       0.34999999403953552       0.92990367922002093       0.97093783402275258       0.89893227897939021       0.81619672649450781       0.84371826985185194       0.78900706454608815       0.62748205480486396       0.70736684755684887       0.53274188007820988     
   1.5499999523162842        2.7000000476837158       0.44999998807907104       0.91463092206433760       0.94826708958991057       0.88991505293149831       0.78445948769494511       0.80940624312525355       0.76353749658321257       0.58440977296149743       0.66663699139080912       0.48978598297341119     
   1.5499999523162842        2.7000000476837158       0.55000001192092896       0.90407510533896662       0.93482114955008777       0.88290439445763169       0.76379281398056043       0.78820005762722112       0.74536227844329361       0.55826846225523885       0.64209495066773437       0.46388604027902003     
   1.5499999523162842        2.7000000476837158       0.64999997615814209       0.89921992168230269       0.92790057625148448       0.88279281779767982       0.75429634243694066       0.77821710991529514       0.73707528980915293       0.54650114186218335       0.63057528410595864       0.45280459082085250     
   1.5499999523162842        2.7000000476837158       0.75000000000000000       0.89473471928810222       0.92706007176827532       0.87625478893010111       0.74367012095472851       0.76946934554032942       0.72354497041581256       0.53033230187161995       0.61500947900641156       0.43675824223331294     
   1.5499999523162842        2.7000000476837158       0.85000002384185791       0.88437650939809509       0.91914106396474260       0.86287478691180219       0.72052849488942927       0.74623316316108912       0.70019676388599617       0.49641987692267975       0.58304294482682872       0.40246354018465524     
   1.5499999523162842        2.7000000476837158       0.94999998807907104       0.90428436242983490       0.94229629806538717       0.87717301868780373       0.75457377553249860       0.78250389242954355       0.72894304740228932       0.52981274031312975       0.61869886209753622       0.43055401910247670     
   1.5499999523162842        3.4500000476837158        5.0000000745058060E-002  0.72616540605637836        2.1963793880532299      -0.26900050211411797       0.17425000201717622       0.75213273793065694      -0.35497555180654361      -0.81168614027633779       0.26458081006551470       -2.0415334336985707     
   1.5499999523162842        3.4500000476837158       0.15000000596046448       0.94450298475148786        1.0636919265699376       0.85511293681121503       0.83934492723559162       0.90906617121254618       0.77080812584422675       0.64254083558146236       0.75151022695312986       0.51440912399990490     
   1.5499999523162842        3.4500000476837158       0.25000000000000000       0.94376688832904243        1.0029012495335272       0.89733076405497758       0.84603166268182828       0.88639398628548105       0.80467380422327928       0.66961838603680912       0.74965215315936717       0.57271368021410174     
   1.5499999523162842        3.4500000476837158       0.34999999403953552       0.92984541805033705       0.96779649152633951       0.90153684636232201       0.81676020958265905       0.84261449118248355       0.79126053379358408       0.62966834321609699       0.70844507098800202       0.53619161527398362     
   1.5499999523162842        3.4500000476837158       0.44999998807907104       0.91471926282122695       0.94722427303807033       0.89117213572417608       0.78505781170060085       0.80924184079439965       0.76492344970000103       0.58592929876098787       0.66774315675961504       0.49177429603631373     
   1.5499999523162842        3.4500000476837158       0.55000001192092896       0.90420899538793320       0.93450069624809051       0.88359535251066412       0.76433456130427668       0.78839524122501103       0.74623831691996689       0.55935932058435212       0.64307518472026892       0.46508627532495028     
   1.5499999523162842        3.4500000476837158       0.64999997615814209       0.89929020487278344       0.92796642891671455       0.88289695596785855       0.75466246583991947       0.77859953443347163       0.73741087126645810       0.54724943632234846       0.63136324217847106       0.45349820243270822     
   1.5499999523162842        3.4500000476837158       0.75000000000000000       0.89479654334899728       0.92714554341582978       0.87629598110165130       0.74402838218510770       0.76986029559961910       0.72385680575935363       0.53108525068549761       0.61583829429791614       0.43741661328296222     
   1.5499999523162842        3.4500000476837158       0.85000002384185791       0.88455750621876594       0.91929956734841711       0.86309212514985223       0.72111127842132383       0.74682407187343358       0.70075676080825944       0.49745102981446132       0.58414086955635613       0.40339129071368801     
   1.5499999523162842        3.4500000476837158       0.94999998807907104       0.91027868585606586       0.95066080439438472       0.87908852571076002       0.76609121176884309       0.79589743273666280       0.73787338194522401       0.54387583722221355       0.63264815644897598       0.44378703242632322     
   1.5499999523162842        3.9500000476837158        5.0000000745058060E-002  0.74501194192948228        2.0967468240211979      -0.17058688521915699       0.23139999749686940       0.76497776250045790      -0.25701843782086770      -0.68594230548552448       0.30399304133297511       -1.8152993576279806     
   1.5499999523162842        3.9500000476837158       0.15000000596046448       0.94510210975630404        1.0564223141908859       0.86123836542486276       0.84171783222128771       0.90824425255881502       0.77615471986224371       0.64866177452659302       0.75295255271516315       0.52568768628073714     
   1.5499999523162842        3.9500000476837158       0.25000000000000000       0.94371843778876996       0.99886238532115657       0.90044013038858717       0.84657001220327976       0.88491790277554405       0.80709955882674023       0.67190110892769794       0.75023042317366551       0.57689212081948993     
   1.5499999523162842        3.9500000476837158       0.34999999403953552       0.92980063437579286       0.96599961827807479       0.90306917026422129       0.81706392018673568       0.84191745143866492       0.79258851854245604       0.63091288097836218       0.70904814008956363       0.53817966241830906     
   1.5499999523162842        3.9500000476837158       0.44999998807907104       0.91475814595796978       0.94659709395755132       0.89191901203011592       0.78537783361857738       0.80909357357121647       0.76573368156578914       0.58677860351044020       0.66833522869709350       0.49292116191985358     
   1.5499999523162842        3.9500000476837158       0.55000001192092896       0.90427368686433707       0.93428855128737154       0.88400847644866387       0.76461837805555577       0.78846041067182859       0.74673625109539332       0.55994768484372404       0.64358782448432938       0.46575442243982884     
   1.5499999523162842        3.9500000476837158       0.64999997615814209       0.89931070663874901       0.92798590596131048       0.88294009225791115       0.75482434188467062       0.77876551834181273       0.73756098585808538       0.54760142011279644       0.63173506605864371       0.45382566819970210     
   1.5499999523162842        3.9500000476837158       0.75000000000000000       0.89480048719752237       0.92716396326301753       0.87628678507582780       0.74415461307553088       0.76999826715831698       0.72396393833722594       0.53138941955371499       0.61618535255053852       0.43767254528658728     
   1.5499999523162842        3.9500000476837158       0.85000002384185791       0.88462195800352517       0.91935653876645984       0.86316904118791737       0.72134451538295152       0.74706148977018705       0.70098063067189775       0.49788394580008088       0.58460819313625889       0.40377580155767073     
   1.5499999523162842        3.9500000476837158       0.94999998807907104       0.91337756339593867       0.95520475430805940       0.87981012501753686       0.77204590266400730       0.80300994161339301       0.74234193369609203       0.55114155530907316       0.63986362862690238       0.45061715367130895     
   2.9500000476837158        2.7000000476837158        5.0000000745058060E-002  0.92796286130313144        1.2093374251897373       0.72841740499747210       0.77471749733369755       0.91070928522491479       0.64836228452313760       0.49701773418042250       0.69980931886289433       0.27346308433294875     
   2.9500000476837158        2.7000000476837158       0.15000000596046448       0.96719781243247438        1.0126569759099384       0.92287551526511957       0.90236076463888582       0.93931299556693360       0.86424361837574659       0.77433304537615211       0.83313044641014777       0.70205860909936779     
   2.9500000476837158        2.7000000476837158       0.25000000000000000       0.95766149476668327       0.99694362856562624       0.91074725674489765       0.88365725288258601       0.90735773602724001       0.85804407273301697       0.74732534631677860       0.81192530471933200       0.67063123541661374     
   2.9500000476837158        2.7000000476837158       0.34999999403953552       0.93862621804425073       0.97067169348501769       0.90144780626383125       0.83919116778749103       0.85120705231686633       0.82613009439087515       0.67470196946441352       0.74307858072997823       0.59395188725283643     
   2.9500000476837158        2.7000000476837158       0.44999998807907104       0.91925197194466224       0.94907689507949866       0.89228513451220537       0.79519587655232837       0.81134295383849997       0.78319914633787269       0.60525480726894121       0.67937879414240965       0.51999288084794404     
   2.9500000476837158        2.7000000476837158       0.55000001192092896       0.90528014665586631       0.93389785936958936       0.88627043453279286       0.76486634819271537       0.78465182809734935       0.75120707707199552       0.55985994325684940       0.63925792736010656       0.47058539807075123     
   2.9500000476837158        2.7000000476837158       0.64999997615814209       0.89787166432737064       0.92641588500825067       0.88176918367786039       0.74830471694337031       0.77097715799438127       0.73236443483708769       0.53526276154971142       0.61746804158806534       0.44395279648318015     
   2.9500000476837158        2.7000000476837158       0.75000000000000000       0.89169447392469026       0.92417178924407883       0.87286649538380012       0.73321030779947816       0.75828682620856891       0.71385002240058248       0.51197159712729590       0.59552297953426925       0.42015239904083307     
   2.9500000476837158        2.7000000476837158       0.85000002384185791       0.88028292510598882       0.91587259362962059       0.85762893104042781       0.70768234319396184       0.73346756263475210       0.68753314987138670       0.47516480938141514       0.56052049530948833       0.38326066814034365     
   2.9500000476837158        2.7000000476837158       0.94999998807907104       0.87287136083330330       0.91143968923112229       0.84610960706353167       0.69024704667796843       0.71849275728279094       0.66747718673621459       0.44793865912227843       0.53619384549332694       0.35437044910565396     
   2.9500000476837158        3.4500000476837158        5.0000000745058060E-002  0.92647144061871101        1.2165309076594046       0.72115247706230234       0.77492999897126202       0.91449020398494218       0.64556188381778368       0.50051233872570333       0.71011773599811401       0.26976285574752634     
   2.9500000476837158        3.4500000476837158       0.15000000596046448       0.96741459047032929        1.0128648683837258       0.92232549468696112       0.90491348974730057       0.94168820388269858       0.86699098989831802       0.78140751937266173       0.84071636175172337       0.70882523305810607     
   2.9500000476837158        3.4500000476837158       0.25000000000000000       0.95792218771026361       0.99760267791469659       0.90983200066763881       0.88573469849294084       0.90946326673324851       0.86011994914981582       0.75286912397916206       0.81779575725215969       0.67596159776392428     
   2.9500000476837158        3.4500000476837158       0.34999999403953552       0.93888886475464750       0.97122898795786006       0.90089291376843939       0.84146981280702227       0.85344155100007735       0.82839179119378925       0.68025347341016529       0.74891819702758711       0.59914753137346088     
   2.9500000476837158        3.4500000476837158       0.44999998807907104       0.91946099561476280       0.94935953503658521       0.89213038348266749       0.79740317410912109       0.81352712275594907       0.78540628622752595       0.61029641157957681       0.68486004654224075       0.52449745628239131     
   2.9500000476837158        3.4500000476837158       0.55000001192092896       0.90542527769722403       0.93406684413590879       0.88631133780038940       0.76686867200612219       0.78669159947063627       0.75316784625931332       0.56430090955260981       0.64425109339942688       0.47438933190923982     
   2.9500000476837158        3.4500000476837158       0.64999997615814209       0.89800714061680165       0.92652239067585473       0.88191345789776032       0.75051853962077242       0.77323704773640389       0.73454646485537134       0.54018407773806765       0.62306935117627360       0.44810124399019352     
   2.9500000476837158        3.4500000476837158       0.75000000000000000       0.89189048062137755       0.92435304860524536       0.87308820024020550       0.73604899746484143       0.76123066571684928       0.71659732935510512       0.51819144934961958       0.60263041167051423       0.42536463280099118     
   2.9500000476837158        3.4500000476837158       0.85000002384185791       0.88057878110946974       0.91609285180617395       0.85802430905360993       0.71110098271115252       0.73695678638733719       0.69088491215714964       0.48231623352891223       0.56877279414567594       0.38917644006859137     
   2.9500000476837158        3.4500000476837158       0.94999998807907104       0.87589443644341247       0.91322896342371240       0.85051878484525922       0.69889529694136054       0.72644245098194882       0.67670476633691223       0.46115172914464714       0.55053820120822949       0.36590067429101925     
   2.9500000476837158        3.9500000476837158        5.0000000745058060E-002  0.92725519467525164        1.2116151193520868       0.72578143701339581       0.77874785030904681       0.91630576430729438       0.65129605476635888       0.50981738941851129       0.71568182181247009       0.28340999921547777     
   2.9500000476837158        3.9500000476837158       0.15000000596046448       0.96761850355523416        1.0130482614085343       0.92142071144555315       0.90622538631894145       0.94253491002993217       0.86879321977999291       0.78492585887482413       0.84471045151538404       0.71229491484228136     
   2.9500000476837158        3.9500000476837158       0.25000000000000000       0.95800524292567457       0.99803313973636898       0.90875071411803932       0.88651606653808768       0.91001972727354574       0.86110493807665855       0.75510329475720117       0.82036805658317569       0.67808980061753288     
   2.9500000476837158        3.9500000476837158       0.34999999403953552       0.93899059832930842       0.97161457473749047       0.90018897367911133       0.84229044356402838       0.85416175765825997       0.82933931115489512       0.68229865173192916       0.75106652869538815       0.60113289704019168     
   2.9500000476837158        3.9500000476837158       0.44999998807907104       0.91956301101782612       0.94950923211631799       0.89187960655793563       0.79819252232175097       0.81424086852686706       0.78628280143618967       0.61206521655765322       0.68670926988267944       0.52617350459271461     
   2.9500000476837158        3.9500000476837158       0.55000001192092896       0.90550310087813846       0.93412872958049908       0.88633963217548817       0.76755793612421441       0.78735012493410905       0.75388928836971214       0.56577308236446178       0.64585339080190607       0.47570828393588255     
   2.9500000476837158        3.9500000476837158       0.64999997615814209       0.89806706156696059       0.92657677378386394       0.88197310703768161       0.75122818915468670       0.77396086996696078       0.73524154931363528       0.54171503415368949       0.62479093583391454       0.44941236643771088     
   2.9500000476837158        3.9500000476837158       0.75000000000000000       0.89196796417638546       0.92442806824126056       0.87317246665623116       0.73694073733104704       0.76215767343182550       0.71745543003575740       0.52009594986477348       0.60479282757728903       0.42697266687136010     
   2.9500000476837158        3.9500000476837158       0.85000002384185791       0.88070619037427489       0.91618867548202854       0.85819367251627121       0.71220275548610945       0.73807605587450476       0.69196749960908410       0.48454103676631238       0.57131629894053992       0.39103601201326299     
   2.9500000476837158        3.9500000476837158       0.94999998807907104       0.87743237507948835       0.91423499601823754       0.85268805719554275       0.70265622598497879       0.72987390007963415       0.68071280641158782       0.46648606669766418       0.55616339258382852       0.37067666348954442     
