   1.1499999761581421        2.7000000476837158        5.0000000745058060E-002 -0.39954147811551582        7.6892382936603916       -5.8289362482175200       -8.2644446811730816       -2.2649603183557137       -15.248476772406860        0.0000000000000000        0.0000000000000000        0.0000000000000000     
   1.1499999761581421        2.7000000476837158       0.15000000596046448       0.92250258226263648        1.1686903803159938       0.74844196116655337       0.50072370626497531       0.69711881454256330       0.27520323177791806        2.4174713290226339E-314                  Infinity   2.4174713290226339E-314
   1.1499999761581421        2.7000000476837158       0.25000000000000000       0.93135555963731720        1.0594901575209246       0.83806319378913074       0.58938306536642493       0.71133138265964424       0.44683846244229763        0.0000000000000000        1.0761132442428312E-047   0.0000000000000000     
   1.1499999761581421        3.4500000476837158        5.0000000745058060E-002  0.10075524207573301        5.2004213725295418       -3.3248450817260102       -4.9434529400851321       -1.1588378885943365       -9.3384217090540282        0.0000000000000000        0.0000000000000000        0.0000000000000000     
   1.1499999761581421        3.4500000476837158       0.15000000596046448       0.92459017108142816        1.1480565065620096       0.76623371285627406       0.51911719626407848       0.70046180795479907       0.31068811371691296        6.9531194373036577E-310                  Infinity   6.9531194373036577E-310
   1.1499999761581421        3.4500000476837158       0.25000000000000000       0.93169774615964451        1.0471593007081101       0.84756659160921299       0.59709663334268548       0.71194372728528288       0.46246021168895601        0.0000000000000000                       Infinity   0.0000000000000000     
   1.1499999761581421        3.9500000476837158        5.0000000745058060E-002  0.28298608996480551        4.2935601867275031       -2.4124334802237390       -3.7307492154905666      -0.75244807450054196       -7.1848264323796096        0.0000000000000000                            NaN                       NaN
   1.1499999761581421        3.9500000476837158       0.15000000596046448       0.92575685463104673        1.1367429106381917       0.77602035105720524       0.52961699065542800       0.70274103986749137       0.33048876547069361        2.4174713290226339E-314                  Infinity   2.4174713290226339E-314
   1.1499999761581421        3.9500000476837158       0.25000000000000000       0.93190944390904185        1.0405998487601047       0.85267155037048481       0.60150946653922788       0.71261880110703790       0.47103371922568715        0.0000000000000000        0.0000000000000000        0.0000000000000000     
   1.5499999523162842        2.7000000476837158        5.0000000745058060E-002  0.69946360110987393        2.3375996750202841      -0.40842697685092799      -0.99159390840863582       0.20786026195609186       -2.3659962058140698        0.0000000000000000        0.0000000000000000        0.0000000000000000     
   1.5499999523162842        2.7000000476837158       0.15000000596046448       0.94354054373104601        1.0758192042041266       0.84496037167800087       0.63229314776554080       0.74919789930288927       0.49536235197191081        6.9531194373028672E-310                  Infinity   6.9531194373028672E-310
   1.5499999523162842        2.7000000476837158       0.25000000000000000       0.94385235157583425        1.0099711068101327       0.89197570417334859       0.66566307881040054       0.74877249991015249       0.56536054218196785        2.0750757125332355E-322   7.0643035941142013E-071   2.0750757125332355E-322
   1.5499999523162842        3.4500000476837158        5.0000000745058060E-002  0.72616540605637836        2.1963793880532299      -0.26900050211411797      -0.81168614027633779       0.26458081006551470       -2.0415334336985707        0.0000000000000000                       Infinity   0.0000000000000000     
   1.5499999523162842        3.4500000476837158       0.15000000596046448       0.94450298475148786        1.0636919265699376       0.85511293681121503       0.64254083558146236       0.75151022695312986       0.51440912399990490        2.4174713290226339E-314                       NaN                       NaN
   1.5499999523162842        3.4500000476837158       0.25000000000000000       0.94376688832904243        1.0029012495335272       0.89733076405497758       0.66961838603680912       0.74965215315936717       0.57271368021410174        6.9531194376799381E-310   8.5374199621196009E-072   6.9531194376799381E-310
   1.5499999523162842        3.9500000476837158        5.0000000745058060E-002  0.74501194192948228        2.0967468240211979      -0.17058688521915699      -0.68594230548552448       0.30399304133297511       -1.8152993576279806        0.0000000000000000                       Infinity   0.0000000000000000     
   1.5499999523162842        3.9500000476837158       0.15000000596046448       0.94510210975630404        1.0564223141908859       0.86123836542486276       0.64866177452659302       0.75295255271516315       0.52568768628073714        3.0632070042157286E-322                  Infinity   3.0632070042157286E-322
   1.5499999523162842        3.9500000476837158       0.25000000000000000       0.94371843778876996       0.99886238532115657       0.90044013038858717       0.67190110892769794       0.75023042317366551       0.57689212081948993        0.0000000000000000        0.0000000000000000        0.0000000000000000     
   2.9500000476837158        2.7000000476837158        5.0000000745058060E-002  0.92796286130313144        1.2093374251897373       0.72841740499747210       0.49701773418042250       0.69980931886289433       0.27346308433294875        0.0000000000000000                       Infinity                 -Infinity
   2.9500000476837158        2.7000000476837158       0.15000000596046448       0.96719781243247438        1.0126569759099384       0.92287551526511957       0.77433304537615211       0.83313044641014777       0.70205860909936779        2.4174713290226339E-314                  Infinity   2.4174713290226339E-314
   2.9500000476837158        2.7000000476837158       0.25000000000000000       0.95766149476668327       0.99694362856562624       0.91074725674489765       0.74732534631677860       0.81192530471933200       0.67063123541661374        6.9531194376807286E-310                  Infinity   6.9531194376807286E-310
   2.9500000476837158        3.4500000476837158        5.0000000745058060E-002  0.92647144061871101        1.2165309076594046       0.72115247706230234       0.50051233872570333       0.71011773599811401       0.26976285574752634        0.0000000000000000        0.0000000000000000        0.0000000000000000     
   2.9500000476837158        3.4500000476837158       0.15000000596046448       0.96741459047032929        1.0128648683837258       0.92232549468696112       0.78140751937266173       0.84071636175172337       0.70882523305810607        6.9531194373044482E-310                       NaN                       NaN
   2.9500000476837158        3.4500000476837158       0.25000000000000000       0.95792218771026361       0.99760267791469659       0.90983200066763881       0.75286912397916206       0.81779575725215969       0.67596159776392428        2.4174707400963841E-314   2.4174707400963841E-314   2.4174707400963841E-314
   2.9500000476837158        3.9500000476837158        5.0000000745058060E-002  0.92725519467525164        1.2116151193520868       0.72578143701339581       0.50981738941851129       0.71568182181247009       0.28340999921547777        6.9531194373020767E-310   6.9531194373020767E-310   6.9531194373020767E-310
   2.9500000476837158        3.9500000476837158       0.15000000596046448       0.96761850355523416        1.0130482614085343       0.92142071144555315       0.78492585887482413       0.84471045151538404       0.71229491484228136        6.9531194375242086E-310                  Infinity   6.9531194375242086E-310
   2.9500000476837158        3.9500000476837158       0.25000000000000000       0.95800524292567457       0.99803313973636898       0.90875071411803932       0.75510329475720117       0.82036805658317569       0.67808980061753288        0.0000000000000000        8.5374199621196009E-072                 -Infinity
