     0.2200E+00     0.1054E+01     0.5300E-01     0.1020E+01    -0.1765E-01     0.1727E-01     0.1023E+01    -0.1350E-01     0.1350E-01     0.1008E+01     0.5000E-01     0.1020E+01    -0.1965E-01     0.2039E-01     0.1022E+01    -0.1483E-01     0.1483E-01     0.1025E+01     0.5100E-01     0.1019E+01    -0.2144E-01     0.2518E-01     0.1022E+01    -0.1689E-01     0.1689E-01     0.1013E+01     0.5100E-01     0.1005E+01    -0.2746E-01     0.3473E-01     0.1007E+01    -0.2246E-01     0.2246E-01
     0.2470E+00     0.1032E+01     0.8000E-02     0.1016E+01    -0.1723E-01     0.1704E-01     0.1019E+01    -0.1349E-01     0.1349E-01     0.1009E+01     0.8000E-02     0.1014E+01    -0.1817E-01     0.2077E-01     0.1017E+01    -0.1439E-01     0.1439E-01     0.1018E+01     0.8000E-02     0.1012E+01    -0.1953E-01     0.2598E-01     0.1015E+01    -0.1631E-01     0.1631E-01     0.9965E+00     0.8000E-02     0.9944E+00    -0.2491E-01     0.3585E-01     0.9977E+00    -0.2178E-01     0.2178E-01
     0.2600E+00     0.1022E+01     0.8000E-02     0.1014E+01    -0.1736E-01     0.1687E-01     0.1017E+01    -0.1361E-01     0.1361E-01     0.1002E+01     0.8000E-02     0.1011E+01    -0.1740E-01     0.2080E-01     0.1014E+01    -0.1433E-01     0.1433E-01     0.1013E+01     0.8000E-02     0.1008E+01    -0.1844E-01     0.2660E-01     0.1011E+01    -0.1625E-01     0.1625E-01     0.9855E+00     0.8000E-02     0.9882E+00    -0.2377E-01     0.3612E-01     0.9920E+00    -0.2165E-01     0.2165E-01
     0.2730E+00     0.1018E+01     0.8000E-02     0.1011E+01    -0.1671E-01     0.1755E-01     0.1014E+01    -0.1376E-01     0.1376E-01     0.1005E+01     0.8000E-02     0.1007E+01    -0.1731E-01     0.2049E-01     0.1011E+01    -0.1440E-01     0.1440E-01     0.1011E+01     0.8000E-02     0.1003E+01    -0.1803E-01     0.2623E-01     0.1007E+01    -0.1623E-01     0.1623E-01     0.9795E+00     0.8000E-02     0.9820E+00    -0.2306E-01     0.3606E-01     0.9861E+00    -0.2161E-01     0.2161E-01
     0.2870E+00     0.1009E+01     0.8000E-02     0.1007E+01    -0.1539E-01     0.1893E-01     0.1010E+01    -0.1400E-01     0.1400E-01     0.1003E+01     0.8000E-02     0.1003E+01    -0.1681E-01     0.2110E-01     0.1006E+01    -0.1471E-01     0.1471E-01     0.1003E+01     0.8000E-02     0.9983E+00    -0.1809E-01     0.2580E-01     0.1002E+01    -0.1645E-01     0.1645E-01     0.9725E+00     0.8000E-02     0.9750E+00    -0.2269E-01     0.3546E-01     0.9793E+00    -0.2163E-01     0.2163E-01
     0.3000E+00     0.1005E+01     0.8000E-02     0.1004E+01    -0.1506E-01     0.1930E-01     0.1007E+01    -0.1419E-01     0.1419E-01     0.1000E+01     0.8000E-02     0.9983E+00    -0.1595E-01     0.2184E-01     0.1002E+01    -0.1495E-01     0.1495E-01     0.9979E+00     0.8000E-02     0.9933E+00    -0.1771E-01     0.2587E-01     0.9973E+00    -0.1672E-01     0.1672E-01     0.9645E+00     0.8000E-02     0.9683E+00    -0.2249E-01     0.3490E-01     0.9727E+00    -0.2176E-01     0.2176E-01
     0.3130E+00     0.1008E+01     0.8000E-02     0.1000E+01    -0.1521E-01     0.1896E-01     0.1004E+01    -0.1428E-01     0.1428E-01     0.9962E+00     0.8000E-02     0.9939E+00    -0.1555E-01     0.2228E-01     0.9976E+00    -0.1519E-01     0.1519E-01     0.9989E+00     0.8000E-02     0.9882E+00    -0.1713E-01     0.2576E-01     0.9921E+00    -0.1685E-01     0.1685E-01     0.9615E+00     0.8000E-02     0.9613E+00    -0.2219E-01     0.3473E-01     0.9658E+00    -0.2198E-01     0.2198E-01
     0.3270E+00     0.1009E+01     0.8000E-02     0.9969E+00    -0.1611E-01     0.1807E-01     0.1000E+01    -0.1449E-01     0.1449E-01     0.1001E+01     0.8000E-02     0.9893E+00    -0.1569E-01     0.2188E-01     0.9928E+00    -0.1533E-01     0.1533E-01     0.9979E+00     0.8000E-02     0.9826E+00    -0.1699E-01     0.2528E-01     0.9865E+00    -0.1686E-01     0.1686E-01     0.9616E+00     0.8000E-02     0.9537E+00    -0.2169E-01     0.3503E-01     0.9582E+00    -0.2231E-01     0.2231E-01
     0.3400E+00     0.1005E+01     0.8000E-02     0.9934E+00    -0.1648E-01     0.1763E-01     0.9964E+00    -0.1464E-01     0.1464E-01     0.9971E+00     0.8000E-02     0.9849E+00    -0.1606E-01     0.2126E-01     0.9884E+00    -0.1543E-01     0.1543E-01     0.9908E+00     0.8000E-02     0.9773E+00    -0.1696E-01     0.2494E-01     0.9812E+00    -0.1692E-01     0.1692E-01     0.9556E+00     0.8000E-02     0.9464E+00    -0.2119E-01     0.3552E-01     0.9509E+00    -0.2264E-01     0.2264E-01
     0.3530E+00     0.9936E+00     0.8000E-02     0.9899E+00    -0.1640E-01     0.1753E-01     0.9927E+00    -0.1474E-01     0.1474E-01     0.9801E+00     0.8000E-02     0.9805E+00    -0.1613E-01     0.2090E-01     0.9838E+00    -0.1549E-01     0.1549E-01     0.9758E+00     0.8000E-02     0.9720E+00    -0.1686E-01     0.2490E-01     0.9758E+00    -0.1701E-01     0.1701E-01     0.9426E+00     0.8000E-02     0.9393E+00    -0.2101E-01     0.3553E-01     0.9437E+00    -0.2286E-01     0.2286E-01
     0.3670E+00     0.9886E+00     0.8000E-02     0.9861E+00    -0.1616E-01     0.1752E-01     0.9887E+00    -0.1480E-01     0.1480E-01     0.9771E+00     0.8000E-02     0.9757E+00    -0.1603E-01     0.2053E-01     0.9788E+00    -0.1549E-01     0.1549E-01     0.9707E+00     0.8000E-02     0.9663E+00    -0.1673E-01     0.2476E-01     0.9699E+00    -0.1705E-01     0.1705E-01     0.9346E+00     0.8000E-02     0.9317E+00    -0.2086E-01     0.3536E-01     0.9360E+00    -0.2302E-01     0.2302E-01
     0.3800E+00     0.9846E+00     0.8000E-02     0.9825E+00    -0.1594E-01     0.1746E-01     0.9849E+00    -0.1481E-01     0.1481E-01     0.9740E+00     0.8000E-02     0.9712E+00    -0.1587E-01     0.2012E-01     0.9742E+00    -0.1542E-01     0.1542E-01     0.9667E+00     0.8000E-02     0.9610E+00    -0.1665E-01     0.2442E-01     0.9643E+00    -0.1699E-01     0.1699E-01     0.9286E+00     0.7000E-02     0.9247E+00    -0.2074E-01     0.3510E-01     0.9288E+00    -0.2311E-01     0.2311E-01
     0.3930E+00     0.9756E+00     0.8000E-02     0.9789E+00    -0.1571E-01     0.1725E-01     0.9810E+00    -0.1475E-01     0.1475E-01     0.9660E+00     0.8000E-02     0.9666E+00    -0.1565E-01     0.1962E-01     0.9692E+00    -0.1526E-01     0.1526E-01     0.9556E+00     0.8000E-02     0.9555E+00    -0.1649E-01     0.2399E-01     0.9586E+00    -0.1685E-01     0.1685E-01     0.9166E+00     0.7000E-02     0.9174E+00    -0.2058E-01     0.3525E-01     0.9213E+00    -0.2308E-01     0.2308E-01
     0.4070E+00     0.9906E+00     0.8000E-02     0.9748E+00    -0.1553E-01     0.1675E-01     0.9765E+00    -0.1460E-01     0.1460E-01     0.9810E+00     0.8000E-02     0.9613E+00    -0.1537E-01     0.1911E-01     0.9636E+00    -0.1503E-01     0.1503E-01     0.9656E+00     0.8000E-02     0.9493E+00    -0.1625E-01     0.2345E-01     0.9521E+00    -0.1664E-01     0.1664E-01     0.9287E+00     0.8000E-02     0.9093E+00    -0.2037E-01     0.3566E-01     0.9128E+00    -0.2300E-01     0.2300E-01
     0.4200E+00     0.9796E+00     0.8000E-02     0.9709E+00    -0.1540E-01     0.1632E-01     0.9723E+00    -0.1445E-01     0.1445E-01     0.9709E+00     0.8000E-02     0.9564E+00    -0.1508E-01     0.1869E-01     0.9583E+00    -0.1478E-01     0.1478E-01     0.9565E+00     0.8000E-02     0.9435E+00    -0.1596E-01     0.2290E-01     0.9459E+00    -0.1635E-01     0.1635E-01     0.9117E+00     0.7000E-02     0.9016E+00    -0.2019E-01     0.3611E-01     0.9049E+00    -0.2292E-01     0.2292E-01
     0.4330E+00     0.9586E+00     0.8000E-02     0.9671E+00    -0.1531E-01     0.1605E-01     0.9681E+00    -0.1434E-01     0.1434E-01     0.9489E+00     0.8000E-02     0.9516E+00    -0.1480E-01     0.1833E-01     0.9532E+00    -0.1451E-01     0.1451E-01     0.9355E+00     0.7000E-02     0.9378E+00    -0.1572E-01     0.2240E-01     0.9399E+00    -0.1606E-01     0.1606E-01     0.8937E+00     0.7000E-02     0.8942E+00    -0.2002E-01     0.3681E-01     0.8971E+00    -0.2289E-01     0.2289E-01
     0.4470E+00     0.9566E+00     0.8000E-02     0.9631E+00    -0.1522E-01     0.1583E-01     0.9637E+00    -0.1422E-01     0.1422E-01     0.9498E+00     0.8000E-02     0.9466E+00    -0.1457E-01     0.1786E-01     0.9478E+00    -0.1419E-01     0.1419E-01     0.9314E+00     0.7000E-02     0.9318E+00    -0.1547E-01     0.2215E-01     0.9335E+00    -0.1576E-01     0.1576E-01     0.8937E+00     0.7000E-02     0.8864E+00    -0.1990E-01     0.3764E-01     0.8889E+00    -0.2283E-01     0.2283E-01
     0.4600E+00     0.9496E+00     0.8000E-02     0.9594E+00    -0.1512E-01     0.1574E-01     0.9595E+00    -0.1413E-01     0.1413E-01     0.9388E+00     0.8000E-02     0.9419E+00    -0.1432E-01     0.1754E-01     0.9427E+00    -0.1390E-01     0.1390E-01     0.9214E+00     0.7000E-02     0.9262E+00    -0.1532E-01     0.2183E-01     0.9275E+00    -0.1544E-01     0.1544E-01     0.8778E+00     0.7000E-02     0.8791E+00    -0.1985E-01     0.3830E-01     0.8812E+00    -0.2274E-01     0.2274E-01
     0.4730E+00     0.9556E+00     0.8000E-02     0.9557E+00    -0.1504E-01     0.1583E-01     0.9555E+00    -0.1412E-01     0.1412E-01     0.9468E+00     0.8000E-02     0.9372E+00    -0.1398E-01     0.1742E-01     0.9376E+00    -0.1363E-01     0.1363E-01     0.9253E+00     0.7000E-02     0.9208E+00    -0.1515E-01     0.2150E-01     0.9217E+00    -0.1508E-01     0.1508E-01     0.8838E+00     0.7000E-02     0.8720E+00    -0.1988E-01     0.3878E-01     0.8737E+00    -0.2262E-01     0.2262E-01
     0.4870E+00     0.9396E+00     0.8000E-02     0.9520E+00    -0.1511E-01     0.1589E-01     0.9513E+00    -0.1414E-01     0.1414E-01     0.9267E+00     0.8000E-02     0.9325E+00    -0.1374E-01     0.1725E-01     0.9324E+00    -0.1336E-01     0.1336E-01     0.9083E+00     0.7000E-02     0.9152E+00    -0.1504E-01     0.2122E-01     0.9157E+00    -0.1473E-01     0.1473E-01     0.8698E+00     0.7000E-02     0.8647E+00    -0.2006E-01     0.3920E-01     0.8659E+00    -0.2252E-01     0.2252E-01
     0.5000E+00     0.9386E+00     0.8000E-02     0.9485E+00    -0.1526E-01     0.1596E-01     0.9474E+00    -0.1418E-01     0.1418E-01     0.9317E+00     0.8000E-02     0.9281E+00    -0.1363E-01     0.1707E-01     0.9276E+00    -0.1313E-01     0.1313E-01     0.8992E+00     0.7000E-02     0.9100E+00    -0.1496E-01     0.2104E-01     0.9101E+00    -0.1444E-01     0.1444E-01     0.8588E+00     0.7000E-02     0.8579E+00    -0.2028E-01     0.3960E-01     0.8587E+00    -0.2244E-01     0.2244E-01
     0.5130E+00     0.9476E+00     0.8000E-02     0.9452E+00    -0.1554E-01     0.1608E-01     0.9437E+00    -0.1429E-01     0.1429E-01     0.9307E+00     0.9000E-02     0.9238E+00    -0.1372E-01     0.1692E-01     0.9230E+00    -0.1299E-01     0.1299E-01     0.9082E+00     0.7000E-02     0.9050E+00    -0.1484E-01     0.2096E-01     0.9046E+00    -0.1418E-01     0.1418E-01     0.8588E+00     0.8000E-02     0.8513E+00    -0.2042E-01     0.4004E-01     0.8517E+00    -0.2235E-01     0.2235E-01
     0.5270E+00     0.9356E+00     0.8000E-02     0.9418E+00    -0.1587E-01     0.1637E-01     0.9398E+00    -0.1447E-01     0.1447E-01     0.9076E+00     0.9000E-02     0.9195E+00    -0.1392E-01     0.1682E-01     0.9182E+00    -0.1292E-01     0.1292E-01     0.8872E+00     0.7000E-02     0.8998E+00    -0.1476E-01     0.2110E-01     0.8990E+00    -0.1396E-01     0.1396E-01     0.8408E+00     0.8000E-02     0.8444E+00    -0.2067E-01     0.4037E-01     0.8444E+00    -0.2227E-01     0.2227E-01
     0.5400E+00     0.9306E+00     0.8000E-02     0.9387E+00    -0.1624E-01     0.1671E-01     0.9363E+00    -0.1468E-01     0.1468E-01     0.9116E+00     0.9000E-02     0.9156E+00    -0.1405E-01     0.1695E-01     0.9139E+00    -0.1291E-01     0.1291E-01     0.8811E+00     0.7000E-02     0.8952E+00    -0.1482E-01     0.2124E-01     0.8940E+00    -0.1384E-01     0.1384E-01     0.8369E+00     0.8000E-02     0.8384E+00    -0.2090E-01     0.4057E-01     0.8379E+00    -0.2219E-01     0.2219E-01
     0.5530E+00     0.9056E+00     0.1900E-01     0.9358E+00    -0.1667E-01     0.1705E-01     0.9330E+00    -0.1494E-01     0.1494E-01     0.8796E+00     0.1900E-01     0.9119E+00    -0.1421E-01     0.1714E-01     0.9097E+00    -0.1295E-01     0.1295E-01     0.8631E+00     0.1700E-01     0.8908E+00    -0.1502E-01     0.2131E-01     0.8891E+00    -0.1380E-01     0.1380E-01     0.8099E+00     0.1700E-01     0.8325E+00    -0.2123E-01     0.4061E-01     0.8316E+00    -0.2212E-01     0.2212E-01
     0.5800E+00     0.9256E+00     0.4700E-01     0.9310E+00    -0.1743E-01     0.1779E-01     0.9275E+00    -0.1549E-01     0.1549E-01     0.9255E+00     0.4600E-01     0.9057E+00    -0.1459E-01     0.1759E-01     0.9029E+00    -0.1317E-01     0.1317E-01     0.8950E+00     0.4500E-01     0.8835E+00    -0.1557E-01     0.2141E-01     0.8811E+00    -0.1394E-01     0.1394E-01     0.8099E+00     0.4100E-01     0.8226E+00    -0.2186E-01     0.4058E-01     0.8212E+00    -0.2209E-01     0.2209E-01
