EPPS16 Pb

x	R	err_down	err_up
0.140	1.017	-0.045	0.040
0.180	1.018	-0.035	0.034
0.220	1.007	-0.028	0.035
0.260	0.990	-0.025	0.036
0.300	0.970	-0.022	0.036
0.340	0.946	-0.021	0.036
0.380	0.922	-0.021	0.034
0.420	0.899	-0.020	0.036
0.460	0.876	-0.020	0.038
0.500	0.855	-0.020	0.040
0.540	0.835	-0.021	0.040


EPPS16 Fe

x	R	err_down	err_up
0.140	1.024	-0.035	0.031
0.180	1.027	-0.030	0.024
0.220	1.021	-0.022	0.025
0.260	1.009	-0.020	0.025
0.300	0.995	-0.019	0.025
0.340	0.977	-0.017	0.025
0.380	0.959	-0.016	0.024
0.420	0.941	-0.016	0.022
0.460	0.924	-0.015	0.021
0.500	0.908	-0.015	0.021
0.540	0.893	-0.015	0.021


EPPS16 Al

x	R	err_down	err_up
0.140	1.022	-0.031	0.028
0.180	1.026	-0.026	0.020
0.220	1.021	-0.020	0.020
0.260	1.012	-0.018	0.021
0.300	1.000	-0.017	0.021
0.340	0.985	-0.016	0.021
0.380	0.970	-0.015	0.020
0.420	0.954	-0.015	0.018
0.460	0.940	-0.014	0.017
0.500	0.926	-0.014	0.017
0.540	0.914	-0.014	0.017


EPPS16 C

x	R	err_down	err_up
0.140	1.020	-0.025	0.024
0.180	1.024	-0.022	0.018
0.220	1.021	-0.018	0.018
0.260	1.014	-0.016	0.019
0.300	1.005	-0.016	0.019
0.340	0.993	-0.017	0.018
0.380	0.981	-0.016	0.017
0.420	0.969	-0.015	0.016
0.460	0.958	-0.015	0.016
0.500	0.947	-0.015	0.016
0.540	0.937	-0.016	0.017

